3
10 14 21
-0.0222149361131852 -0.366434993563625 0.3270621312102882 
-0.06676722137887703 -0.1566931052661437 0.4589771055234383 
0.02820502736438535 0.04189077954915421 0.05832764185809314 
0.3126723396709863 0.08400649026409401 -0.1029227018383543 
0.1781470954214661 0.1182274414396169 0.04860343742054274 
-0.1220315663349177 0.01546165115708642 -0.1360330368727753 
-0.3072535691850387 -0.01073880122111998 -0.4870359524963758 
0.3867462923626847 0.04492879989084675 0.118335500935405 
-0.1352406177997967 0.01093378431250691 -0.2358910583293913 
0.3789805913148268 -0.4732086509216658 -0.2177962499836425 
3 0 9 6 
3 1 0 6 
3 9 0 7 
3 0 1 7 
3 9 3 6 
3 3 9 7 
3 1 4 7 
3 4 3 7 
3 3 4 6 
3 5 1 6 
3 4 5 6 
3 2 4 1 
3 5 2 1 
3 2 5 4 
